========== F1-Scores ==========
+---------------------------+--------------------+--------------------+--------------------+---------------------+--------------------+--------------------+--------------------+
|         Filename          |       akiec        |        bcc         |        bkl         |         df          |        mel         |         nv         |        vasc        |
+---------------------------+--------------------+--------------------+--------------------+---------------------+--------------------+--------------------+--------------------+
| DynamicAugmentationv2.txt | 0.4946236559139785 | 0.7853403141361257 | 0.7617107942973523 | 0.6341463414634146  | 0.6185567010309279 | 0.9330909090909091 | 0.9230769230769231 |
|    NoAugmentation.txt     | 0.5801526717557253 | 0.7227722772277227 | 0.761904761904762  | 0.6153846153846153  | 0.6634146341463415 | 0.9366351056081573 | 0.8620689655172413 |
| RandomAdjustSharpness.txt |       0.592        | 0.7241379310344828 | 0.765661252900232  | 0.6190476190476191  | 0.6078431372549019 | 0.9309721720274665 | 0.847457627118644  |
|   RandomColorJitter.txt   | 0.4999999999999999 | 0.6903553299492386 | 0.711217183770883  | 0.5405405405405405  | 0.6442105263157893 | 0.9276752767527675 |        0.75        |
|    RandomContrast.txt     | 0.6115702479338843 | 0.7668393782383419 | 0.7591240875912408 | 0.5789473684210527  | 0.6218097447795824 | 0.9288307915758897 | 0.8620689655172413 |
|    RandomGrayScale.txt    | 0.5396825396825397 | 0.7263681592039802 | 0.6505376344086022 | 0.33333333333333337 | 0.5467625899280576 | 0.9216391085549964 | 0.6666666666666666 |
| RandomHorizontalFlip.txt  | 0.6610169491525424 | 0.8372093023255814 | 0.7651331719128329 | 0.6857142857142856  | 0.6772727272727274 | 0.9412628487518355 | 0.8852459016393442 |
|     RandomInvert.txt      | 0.5436893203883495 | 0.841025641025641  | 0.7644444444444445 | 0.6190476190476191  | 0.6405867970660146 | 0.9389978213507625 | 0.9056603773584906 |
|    RandomRotation.txt     | 0.7272727272727273 | 0.8399999999999999 | 0.8144578313253013 | 0.8095238095238095  | 0.736842105263158  | 0.9526605504587158 | 0.9090909090909091 |
|  RandomVerticalFlip.txt   | 0.6456692913385826 | 0.8054298642533937 | 0.8018433179723501 | 0.6190476190476191  | 0.7027027027027026 | 0.9394050679397723 | 0.8846153846153847 |
+---------------------------+--------------------+--------------------+--------------------+---------------------+--------------------+--------------------+--------------------+
========== Softmax Values ==========
+---------------------------+---------------------+---------------------+---------------------+---------------------+---------------------+---------------------+---------------------+
|         Filename          |        akiec        |         bcc         |         bkl         |         df          |         mel         |         nv          |        vasc         |
+---------------------------+---------------------+---------------------+---------------------+---------------------+---------------------+---------------------+---------------------+
| DynamicAugmentationv2.txt | 0.09071592310570269 | 0.10100247709792547 | 0.10051877755291816 | 0.10226801182135416 | 0.09716953827137453 | 0.09979420645642355 | 0.1073227618733614  |
|    NoAugmentation.txt     | 0.09881623523553229 | 0.0948765910327786  | 0.10053827683075285 | 0.10036717464805939 | 0.10162760522343849 | 0.10014852425044195 | 0.1009709450418869  |
| RandomAdjustSharpness.txt | 0.09999390596134744 | 0.09500624812369382 | 0.1009166582105387  | 0.10073549414243901 | 0.09613406294582781 | 0.09958299260480774 | 0.09950635029658984 |
|   RandomColorJitter.txt   | 0.09120495655047252 | 0.09185029818365781 | 0.09556923329891236 | 0.09312951262266031 | 0.09969455836259253 | 0.09925521852235585 | 0.09026626811454412 |
|    RandomContrast.txt     | 0.10197008558369909 | 0.09915101643141624 | 0.10025910095532256 | 0.09677589658925229 | 0.09748614972665934 | 0.09936997568766466 | 0.1009709450418869  |
|    RandomGrayScale.txt    | 0.09489697063264298 | 0.0952183701869148  | 0.08994257323259679 | 0.07570043645476139 | 0.09043787573100642 | 0.09865790189428335 | 0.08304897580821928 |
| RandomHorizontalFlip.txt  | 0.10713890743945874 | 0.10637962140891576 | 0.10086338011083976 | 0.1076801090256257  | 0.10304577390149058 | 0.10061305994378503 | 0.10333847221888041 |
|     RandomInvert.txt      | 0.09527796475384483 | 0.1067863777412812  | 0.10079393664695846 | 0.10073549414243901 | 0.09933394605071419 | 0.10038542650141864 | 0.10546975342784026 |
|    RandomRotation.txt     | 0.11447792057773869 |  0.106676909398498  | 0.10596317079375143 | 0.12187237641096967 | 0.10937066113971754 | 0.10176637768929062 | 0.10583219208699747 |
|  RandomVerticalFlip.txt   | 0.10550713015956072 | 0.10305209039491832 | 0.10463489236740889 | 0.10073549414243901 | 0.10569982864717854 | 0.10042631644952844 | 0.10327333608979347 |
+---------------------------+---------------------+---------------------+---------------------+---------------------+---------------------+---------------------+---------------------+
